caluse=5 
calch00=0.00
calvl00=0.000000
calch01=3006.00
calvl01=661.620000
calch02=6073.00
calvl02=1332.510000
calch03=5345.00
calvl03=1173.230000
calch04=6418.00
calvl04=1408.080000
calch05=5065.00
calvl05=1112.070000
calch06=4943.00
calvl06=1085.800000
calch07=4389.00
calvl07=964.000000
calch08=3948.00
calvl08=867.390000
calch09=3541.00
calvl09=778.900000
calch10=2012.00
calvl10=444.000000
calch11=1860.00
calvl11=411.090000
calch12=1557.00
calvl12=344.300000
calch13=1102.00
calvl13=244.670000
calch14=540.00
calvl14=121.780000
calch15=8069.00
calvl15=1770.220000
caloff=1.089590
calfact=0.221363
calfact2=-6.43524e-007
calfact3=4.76504e-011
calunit=keV
