caluse=1 
calch00=0.00
calvl00=0.000000
calch01=1518.00
calvl01=661.620000
calch02=2864.00
calvl02=1408.080000
calch03=1728.00
calvl03=778.900000
calch04=2092.00
calvl04=964.000000
calch05=827.00
calvl05=344.300000
calch06=2341.00
calvl06=1112.070000
calch07=2756.00
calvl07=1332.510000
calch08=1311.00
calvl08=569.670000
calch09=2276.00
calvl09=1063.620000
calch10=3444.00
calvl10=1770.220000
calch11=2671.00
calvl11=1274.530000
caloff=-77.568200
calfact=0.512437
calfact2=3.82474e-005
calfact3=2.29892e-009
calunit=keV
